Date;Price;Open;High;Low;Vol.;Change %
07/31/2025;8,400.00;8,125.00;8,425.00;8,125.00;38.18M;1.20%
07/30/2025;8,300.00;8,350.00;8,375.00;8,150.00;20.84M;-0.60%
07/29/2025;8,350.00;8,275.00;8,400.00;8,275.00;27.37M;0.60%
07/28/2025;8,300.00;8,250.00;8,350.00;8,225.00;21.97M;0.61%
07/25/2025;8,250.00;8,250.00;8,275.00;8,125.00;22.40M;0.00%
07/24/2025;8,250.00;8,050.00;8,300.00;7,975.00;45.69M;2.48%
07/23/2025;8,050.00;7,950.00;8,100.00;7,950.00;30.96M;1.26%
07/22/2025;7,950.00;8,075.00;8,100.00;7,800.00;23.01M;-1.24%
07/21/2025;8,050.00;8,025.00;8,125.00;7,925.00;33.11M;0.31%
07/18/2025;8,025.00;8,100.00;8,125.00;7,950.00;25.15M;-0.93%
07/17/2025;8,100.00;8,225.00;8,250.00;8,000.00;26.31M;-1.52%
07/16/2025;8,225.00;8,225.00;8,300.00;8,100.00;32.29M;0.30%
07/15/2025;8,200.00;8,400.00;8,425.00;8,175.00;19.96M;-2.38%
07/14/2025;8,400.00;8,375.00;8,400.00;8,225.00;19.46M;0.30%
07/11/2025;8,375.00;8,500.00;8,525.00;8,275.00;20.33M;-1.47%
07/10/2025;8,500.00;8,750.00;8,775.00;8,450.00;30.93M;-2.86%
07/09/2025;8,750.00;8,500.00;8,850.00;8,500.00;44.37M;4.79%
07/08/2025;8,350.00;8,400.00;8,525.00;8,300.00;21.43M;-0.60%
07/07/2025;8,400.00;8,500.00;8,525.00;8,325.00;14.27M;-1.18%
07/04/2025;8,500.00;8,525.00;8,625.00;8,425.00;18.65M;-0.29%
07/03/2025;8,525.00;8,575.00;8,750.00;8,425.00;18.08M;-0.58%
07/02/2025;8,575.00;8,675.00;8,700.00;8,400.00;21.02M;-1.15%
07/01/2025;8,675.00;8,475.00;8,750.00;8,475.00;37.39M;2.66%
06/30/2025;8,450.00;8,525.00;8,650.00;8,225.00;41.01M;-0.88%
06/26/2025;8,525.00;8,400.00;8,550.00;8,225.00;52.81M;1.49%
06/25/2025;8,400.00;8,100.00;8,475.00;8,100.00;40.89M;4.02%
06/24/2025;8,075.00;7,825.00;8,225.00;7,825.00;45.16M;3.19%
06/23/2025;7,825.00;7,625.00;7,850.00;7,525.00;34.69M;2.62%
06/20/2025;7,625.00;7,900.00;7,900.00;7,425.00;61.42M;-3.48%
06/19/2025;7,900.00;7,825.00;7,950.00;7,625.00;25.58M;1.28%
06/18/2025;7,800.00;8,125.00;8,150.00;7,625.00;46.37M;-4.00%
06/17/2025;8,125.00;7,725.00;8,175.00;7,575.00;67.98M;7.26%
06/16/2025;7,575.00;8,300.00;9,225.00;7,500.00;176.90M;-7.62%
06/13/2025;8,200.00;8,225.00;8,300.00;8,050.00;26.71M;0.00%
06/12/2025;8,200.00;8,000.00;8,300.00;8,000.00;37.56M;2.18%
06/11/2025;8,025.00;7,975.00;8,025.00;7,625.00;27.83M;0.31%
06/10/2025;8,000.00;7,850.00;8,075.00;7,775.00;40.12M;1.27%
06/05/2025;7,900.00;7,475.00;8,075.00;7,275.00;61.73M;6.40%
06/04/2025;7,425.00;6,950.00;7,425.00;6,925.00;76.04M;7.22%
06/03/2025;6,925.00;6,925.00;7,025.00;6,875.00;26.48M;0.36%
06/02/2025;6,900.00;6,925.00;6,950.00;6,700.00;19.18M;-0.36%
05/28/2025;6,925.00;6,900.00;7,075.00;6,875.00;38.38M;0.36%
05/27/2025;6,900.00;6,800.00;6,900.00;6,725.00;25.04M;1.85%
05/26/2025;6,775.00;6,975.00;7,000.00;6,750.00;14.68M;-1.81%
05/23/2025;6,900.00;6,850.00;7,025.00;6,850.00;28.17M;0.73%
05/22/2025;6,850.00;6,950.00;6,950.00;6,800.00;17.09M;-0.72%
05/21/2025;6,900.00;6,775.00;6,925.00;6,775.00;19.67M;2.99%
05/20/2025;6,700.00;6,900.00;6,900.00;6,600.00;26.51M;-2.90%
05/19/2025;6,900.00;7,075.00;7,075.00;6,875.00;14.09M;-1.78%
05/16/2025;7,025.00;7,100.00;7,175.00;6,975.00;16.78M;0.00%
05/15/2025;7,025.00;7,225.00;7,275.00;7,000.00;17.22M;-2.77%
05/14/2025;7,225.00;7,275.00;7,400.00;7,225.00;17.02M;-0.69%
05/09/2025;7,275.00;7,375.00;7,450.00;7,225.00;13.21M;-1.36%
05/08/2025;7,375.00;7,425.00;7,550.00;7,175.00;21.44M;-0.34%
05/07/2025;7,400.00;7,575.00;7,850.00;7,400.00;35.53M;-1.99%
05/06/2025;7,550.00;7,125.00;7,550.00;7,125.00;32.11M;6.71%
05/05/2025;7,075.00;6,975.00;7,100.00;6,900.00;14.41M;1.43%
05/02/2025;6,975.00;7,125.00;7,125.00;6,900.00;14.18M;-2.11%
04/30/2025;7,125.00;7,025.00;7,200.00;7,000.00;22.68M;1.79%
04/29/2025;7,000.00;6,875.00;7,075.00;6,800.00;27.25M;1.82%
04/28/2025;6,875.00;6,875.00;6,950.00;6,775.00;11.92M;0.00%
04/25/2025;6,875.00;6,875.00;6,900.00;6,775.00;16.12M;0.73%
04/24/2025;6,825.00;6,875.00;7,000.00;6,800.00;15.73M;0.00%
04/23/2025;6,825.00;7,125.00;7,175.00;6,700.00;22.44M;-3.87%
04/22/2025;7,100.00;6,675.00;7,125.00;6,650.00;23.86M;6.77%
04/21/2025;6,650.00;6,475.00;6,675.00;6,400.00;17.73M;3.50%
04/17/2025;6,425.00;6,075.00;6,425.00;6,050.00;23.97M;5.76%
04/16/2025;6,075.00;6,075.00;6,150.00;5,950.00;19.67M;0.41%
04/15/2025;6,050.00;6,025.00;6,175.00;5,825.00;24.24M;0.83%
04/14/2025;6,000.00;5,275.00;6,000.00;5,150.00;30.34M;14.29%
04/11/2025;5,250.00;5,025.00;5,350.00;4,880.00;27.76M;5.00%
04/10/2025;5,000.00;4,800.00;5,075.00;4,800.00;27.99M;7.99%
04/09/2025;4,630.00;4,600.00;4,770.00;4,500.00;17.26M;0.43%
04/08/2025;4,610.00;5,000.00;5,050.00;4,570.00;23.54M;-14.23%
03/27/2025;5,375.00;5,200.00;5,375.00;5,100.00;15.96M;3.37%
03/26/2025;5,200.00;5,225.00;5,375.00;5,175.00;12.19M;1.46%
03/25/2025;5,125.00;5,125.00;5,375.00;5,100.00;14.81M;0.49%
03/24/2025;5,100.00;5,850.00;5,875.00;5,025.00;18.43M;-13.19%
03/21/2025;5,875.00;6,250.00;6,300.00;5,850.00;28.61M;-6.00%
03/20/2025;6,250.00;5,800.00;6,350.00;5,775.00;18.60M;9.17%
03/19/2025;5,725.00;5,950.00;5,975.00;5,725.00;18.12M;-3.38%
03/18/2025;5,925.00;6,350.00;6,450.00;5,700.00;14.42M;-6.69%
03/17/2025;6,350.00;6,200.00;6,425.00;6,200.00;11.56M;2.83%
03/14/2025;6,175.00;6,450.00;6,500.00;6,175.00;17.47M;-4.26%
03/13/2025;6,450.00;6,425.00;6,450.00;6,300.00;10.84M;0.39%
03/12/2025;6,425.00;6,175.00;6,425.00;6,175.00;10.31M;4.05%
03/11/2025;6,175.00;6,325.00;6,375.00;6,175.00;7.56M;-2.37%
03/10/2025;6,325.00;6,550.00;6,575.00;6,300.00;14.11M;-3.44%
03/07/2025;6,550.00;6,700.00;6,800.00;6,550.00;15.96M;-2.24%
03/06/2025;6,700.00;6,500.00;6,725.00;6,400.00;22.33M;3.08%
03/05/2025;6,500.00;6,100.00;6,500.00;6,075.00;25.54M;8.33%
03/04/2025;6,000.00;6,800.00;6,825.00;5,950.00;18.74M;-11.76%
03/03/2025;6,800.00;6,675.00;6,875.00;6,450.00;15.61M;3.82%
02/28/2025;6,550.00;6,900.00;6,900.00;6,200.00;21.48M;-5.07%
02/27/2025;6,900.00;6,550.00;6,900.00;6,500.00;17.73M;5.75%
02/26/2025;6,525.00;6,600.00;6,775.00;6,400.00;12.01M;-0.76%
02/25/2025;6,575.00;6,925.00;7,050.00;6,575.00;12.74M;-4.71%
02/24/2025;6,900.00;7,275.00;7,275.00;6,800.00;11.33M;-5.15%
02/21/2025;7,275.00;7,175.00;7,275.00;7,000.00;13.20M;0.69%
02/20/2025;7,225.00;7,025.00;7,225.00;7,025.00;12.62M;2.85%
02/19/2025;7,025.00;7,400.00;7,400.00;7,000.00;12.83M;-4.42%
02/18/2025;7,350.00;7,050.00;7,350.00;7,000.00;20.49M;4.63%
02/17/2025;7,025.00;6,825.00;7,100.00;6,800.00;15.47M;2.93%
02/14/2025;6,825.00;6,850.00;6,900.00;6,725.00;9.40M;1.11%
02/13/2025;6,750.00;7,175.00;7,225.00;6,725.00;14.58M;-5.92%
02/12/2025;7,175.00;6,775.00;7,175.00;6,650.00;21.92M;5.90%
02/11/2025;6,775.00;7,175.00;7,325.00;6,500.00;19.30M;-4.91%
02/10/2025;7,125.00;6,950.00;7,175.00;6,775.00;19.65M;3.64%
02/07/2025;6,875.00;7,125.00;7,125.00;6,850.00;15.78M;-3.51%
02/06/2025;7,125.00;7,300.00;7,475.00;7,025.00;13.64M;-1.72%
02/05/2025;7,250.00;7,000.00;7,275.00;6,925.00;23.15M;5.07%
02/04/2025;6,900.00;7,100.00;7,225.00;6,900.00;16.22M;-2.47%
02/03/2025;7,075.00;7,525.00;7,525.00;6,925.00;14.26M;-5.98%
01/31/2025;7,525.00;8,050.00;8,050.00;7,500.00;16.84M;-5.64%
01/30/2025;7,975.00;8,450.00;8,450.00;7,875.00;15.94M;-5.62%
01/24/2025;8,450.00;8,450.00;8,525.00;8,375.00;14.41M;0.60%
01/23/2025;8,400.00;8,625.00;8,775.00;8,400.00;20.20M;-2.33%
01/22/2025;8,600.00;8,225.00;8,650.00;8,225.00;25.89M;5.52%
01/21/2025;8,150.00;8,300.00;8,325.00;8,150.00;14.25M;-1.21%
01/20/2025;8,250.00;8,275.00;8,375.00;8,225.00;12.80M;-0.30%
01/17/2025;8,275.00;8,200.00;8,275.00;8,075.00;16.71M;0.91%
01/16/2025;8,200.00;8,375.00;8,375.00;8,125.00;14.29M;-1.50%
01/15/2025;8,325.00;8,250.00;8,375.00;8,025.00;17.34M;1.52%
01/14/2025;8,200.00;8,500.00;8,500.00;8,200.00;16.64M;-3.53%
01/13/2025;8,500.00;8,475.00;8,700.00;8,350.00;12.28M;0.59%
01/10/2025;8,450.00;8,350.00;8,500.00;8,300.00;14.84M;2.11%
01/09/2025;8,275.00;8,350.00;8,475.00;8,250.00;8.62M;-0.30%
01/08/2025;8,300.00;8,750.00;8,800.00;8,300.00;10.17M;-4.60%
01/07/2025;8,700.00;8,300.00;8,800.00;8,300.00;15.15M;4.82%
01/06/2025;8,300.00;8,475.00;8,500.00;8,200.00;11.98M;-2.35%
01/03/2025;8,500.00;8,500.00;8,575.00;8,100.00;12.10M;0.29%
01/02/2025;8,475.00;8,475.00;8,575.00;8,375.00;8.67M;0.00%
12/30/2024;8,475.00;8,275.00;8,475.00;8,025.00;16.93M;2.42%
12/27/2024;8,275.00;8,850.00;9,025.00;8,200.00;19.33M;-6.50%
12/24/2024;8,850.00;9,025.00;9,025.00;8,825.00;8.84M;-1.67%
12/23/2024;9,000.00;9,125.00;9,250.00;8,900.00;11.00M;0.00%
12/20/2024;9,000.00;8,950.00;9,350.00;8,875.00;43.04M;0.56%
12/19/2024;8,950.00;8,825.00;8,975.00;8,675.00;9.95M;1.13%
12/18/2024;8,850.00;9,000.00;9,100.00;8,850.00;12.36M;-1.67%
12/17/2024;9,000.00;9,150.00;9,275.00;8,825.00;13.23M;-1.64%
12/16/2024;9,150.00;9,125.00;9,150.00;8,875.00;11.46M;0.00%
12/13/2024;9,150.00;9,325.00;9,375.00;9,150.00;9.85M;-1.61%
12/12/2024;9,300.00;9,225.00;9,375.00;9,100.00;11.66M;0.81%
12/11/2024;9,225.00;9,400.00;9,475.00;9,150.00;12.88M;-1.60%
12/10/2024;9,375.00;9,375.00;9,475.00;9,325.00;12.77M;0.54%
12/09/2024;9,325.00;9,550.00;9,550.00;9,300.00;12.39M;-2.10%
12/06/2024;9,525.00;9,550.00;9,550.00;9,400.00;10.67M;-0.26%
12/05/2024;9,550.00;9,575.00;9,625.00;9,375.00;11.93M;-0.26%
12/04/2024;9,575.00;9,375.00;9,675.00;9,325.00;22.01M;2.41%
12/03/2024;9,350.00;9,050.00;9,350.00;8,975.00;15.62M;3.60%
12/02/2024;9,025.00;9,000.00;9,150.00;8,950.00;11.09M;0.28%
11/29/2024;9,000.00;9,425.00;9,550.00;8,925.00;21.17M;-2.70%
11/28/2024;9,250.00;9,150.00;9,500.00;9,125.00;14.75M;1.65%
11/26/2024;9,100.00;9,100.00;9,375.00;9,100.00;14.72M;0.00%
11/25/2024;9,100.00;9,525.00;9,675.00;9,050.00;53.41M;-4.46%
11/22/2024;9,525.00;9,625.00;9,750.00;9,525.00;14.65M;-0.52%
11/21/2024;9,575.00;9,675.00;9,775.00;9,575.00;14.60M;-1.03%
11/20/2024;9,675.00;9,575.00;9,700.00;9,450.00;19.93M;1.04%
11/19/2024;9,575.00;9,550.00;9,725.00;9,525.00;19.35M;0.52%
11/18/2024;9,525.00;9,175.00;9,525.00;9,150.00;22.22M;3.81%
11/15/2024;9,175.00;9,350.00;9,475.00;9,000.00;17.59M;-1.87%
11/14/2024;9,350.00;9,500.00;9,600.00;9,350.00;15.87M;-1.58%
11/13/2024;9,500.00;9,500.00;9,550.00;9,275.00;17.90M;-0.26%
11/12/2024;9,525.00;9,250.00;9,575.00;9,250.00;27.01M;2.97%
11/11/2024;9,250.00;9,000.00;9,300.00;8,975.00;22.40M;2.78%
11/08/2024;9,000.00;8,700.00;9,075.00;8,700.00;17.81M;3.45%
11/07/2024;8,700.00;9,200.00;9,200.00;8,575.00;22.97M;-5.43%
11/06/2024;9,200.00;9,000.00;9,350.00;8,900.00;26.65M;2.22%
11/05/2024;9,000.00;9,000.00;9,025.00;8,775.00;16.71M;0.00%
11/04/2024;9,000.00;9,000.00;9,075.00;8,750.00;19.31M;-0.28%
11/01/2024;9,025.00;9,175.00;9,175.00;8,975.00;16.73M;-1.63%
10/31/2024;9,175.00;9,275.00;9,300.00;9,075.00;22.46M;-1.08%
10/30/2024;9,275.00;9,425.00;9,425.00;9,250.00;18.14M;-1.59%
10/29/2024;9,425.00;9,250.00;9,575.00;9,225.00;22.48M;2.17%
10/28/2024;9,225.00;9,225.00;9,325.00;8,950.00;22.09M;0.00%
10/25/2024;9,225.00;9,225.00;9,400.00;9,225.00;17.53M;0.00%
10/24/2024;9,225.00;9,425.00;9,500.00;9,225.00;16.87M;-2.12%
10/23/2024;9,425.00;9,475.00;9,575.00;9,300.00;16.68M;-0.53%
10/22/2024;9,475.00;9,750.00;9,800.00;9,475.00;20.95M;-2.82%
10/21/2024;9,750.00;9,825.00;9,850.00;9,450.00;19.70M;-0.51%
10/18/2024;9,800.00;9,700.00;9,800.00;9,650.00;17.63M;1.03%
10/17/2024;9,700.00;9,850.00;9,925.00;9,675.00;18.16M;-1.27%
10/16/2024;9,825.00;9,875.00;10,050.00;9,825.00;26.87M;0.00%
10/15/2024;9,825.00;9,475.00;9,950.00;9,450.00;38.32M;3.97%
10/14/2024;9,450.00;9,150.00;9,475.00;9,150.00;24.17M;3.28%
10/11/2024;9,150.00;8,875.00;9,250.00;8,825.00;31.90M;3.10%
10/10/2024;8,875.00;9,000.00;9,000.00;8,700.00;16.63M;-1.39%
10/09/2024;9,000.00;9,025.00;9,025.00;8,775.00;22.20M;-0.28%
10/08/2024;9,025.00;9,000.00;9,175.00;8,825.00;35.61M;0.28%
10/07/2024;9,000.00;8,875.00;9,100.00;8,700.00;20.39M;1.41%
10/04/2024;8,875.00;8,900.00;9,125.00;8,800.00;24.44M;-0.28%
10/03/2024;8,900.00;9,075.00;9,100.00;8,700.00;36.18M;-1.66%
10/02/2024;9,050.00;9,325.00;9,350.00;8,950.00;22.78M;-3.21%
10/01/2024;9,350.00;9,275.00;9,450.00;9,125.00;31.74M;0.81%
09/30/2024;9,275.00;9,575.00;9,600.00;9,125.00;39.99M;-2.62%
09/27/2024;9,525.00;10,100.00;10,100.00;9,350.00;40.13M;-5.69%
09/26/2024;10,100.00;10,175.00;10,175.00;10,000.00;18.01M;-0.74%
09/25/2024;10,175.00;10,200.00;10,225.00;10,000.00;26.80M;0.74%
09/24/2024;10,100.00;10,175.00;10,325.00;10,100.00;31.39M;-0.74%
09/23/2024;10,175.00;10,300.00;10,300.00;9,925.00;27.92M;-1.45%
09/20/2024;10,325.00;10,400.00;10,425.00;10,250.00;48.34M;-0.96%
09/19/2024;10,425.00;10,350.00;10,525.00;10,300.00;23.79M;0.48%
09/18/2024;10,375.00;10,275.00;10,400.00;10,200.00;20.13M;0.97%
09/17/2024;10,275.00;10,325.00;10,400.00;10,150.00;21.12M;-0.48%
09/13/2024;10,325.00;10,525.00;10,550.00;10,225.00;19.35M;-1.20%
09/12/2024;10,450.00;10,375.00;10,775.00;10,350.00;24.22M;1.21%
09/11/2024;10,325.00;10,600.00;10,625.00;10,325.00;21.02M;-2.13%
09/10/2024;10,550.00;10,900.00;10,900.00;10,500.00;21.43M;-2.54%
09/09/2024;10,825.00;10,925.00;11,000.00;10,725.00;22.60M;-0.69%
09/06/2024;10,900.00;10,675.00;11,050.00;10,675.00;23.79M;2.11%
09/05/2024;10,675.00;10,700.00;10,775.00;10,450.00;21.87M;-0.23%
09/04/2024;10,700.00;10,575.00;10,800.00;10,500.00;20.53M;0.47%
09/03/2024;10,650.00;10,725.00;10,825.00;10,575.00;22.79M;-0.47%
09/02/2024;10,700.00;10,650.00;10,825.00;10,625.00;18.34M;0.47%
08/30/2024;10,650.00;10,850.00;10,975.00;10,575.00;32.25M;-1.62%
08/29/2024;10,825.00;10,750.00;11,050.00;10,675.00;28.25M;0.46%
08/28/2024;10,775.00;11,075.00;11,100.00;10,725.00;22.56M;-2.49%
08/27/2024;11,050.00;10,700.00;11,225.00;10,675.00;41.42M;3.27%
08/26/2024;10,700.00;10,750.00;10,875.00;10,625.00;25.54M;-0.47%
08/23/2024;10,750.00;10,675.00;10,825.00;10,475.00;29.80M;0.70%
08/22/2024;10,675.00;10,375.00;10,775.00;10,375.00;31.11M;2.89%
08/21/2024;10,375.00;10,450.00;10,525.00;10,350.00;20.91M;-0.72%
08/20/2024;10,450.00;10,450.00;10,575.00;10,350.00;23.31M;0.00%
08/19/2024;10,450.00;10,300.00;10,550.00;10,225.00;28.57M;1.95%
08/16/2024;10,250.00;10,400.00;10,425.00;10,050.00;19.07M;0.00%
08/15/2024;10,250.00;10,425.00;10,500.00;10,250.00;21.14M;-1.68%
08/14/2024;10,425.00;10,200.00;10,450.00;10,025.00;28.07M;2.21%
08/13/2024;10,200.00;10,475.00;10,700.00;10,100.00;40.01M;-2.63%
08/12/2024;10,475.00;10,900.00;10,975.00;10,375.00;29.92M;-5.63%
08/09/2024;11,100.00;10,500.00;11,150.00;10,500.00;38.67M;7.25%
08/08/2024;10,350.00;11,325.00;11,400.00;10,325.00;48.38M;-8.61%
08/07/2024;11,325.00;11,775.00;11,800.00;11,225.00;41.01M;-4.03%
08/06/2024;11,800.00;11,625.00;12,075.00;11,625.00;29.76M;0.85%
08/05/2024;11,700.00;11,800.00;11,850.00;11,200.00;30.51M;-1.06%
08/02/2024;11,825.00;11,900.00;11,900.00;11,700.00;20.96M;-0.63%
08/01/2024;11,900.00;11,900.00;12,000.00;11,800.00;21.47M;0.63%
07/31/2024;11,825.00;11,900.00;11,925.00;11,675.00;26.11M;-0.84%
07/30/2024;11,925.00;12,250.00;12,275.00;11,875.00;23.24M;-2.65%
07/29/2024;12,250.00;11,750.00;12,450.00;11,725.00;35.71M;5.15%
07/26/2024;11,650.00;11,550.00;11,750.00;11,500.00;30.62M;1.08%
07/25/2024;11,525.00;11,775.00;11,775.00;11,375.00;21.12M;-2.33%
07/24/2024;11,800.00;11,550.00;11,850.00;11,550.00;24.08M;2.16%
07/23/2024;11,550.00;11,200.00;11,550.00;11,150.00;27.02M;3.36%
07/22/2024;11,175.00;11,300.00;11,425.00;11,100.00;20.87M;-1.11%
07/19/2024;11,300.00;11,275.00;11,350.00;10,875.00;24.61M;0.44%
07/18/2024;11,250.00;11,100.00;11,275.00;10,900.00;20.37M;1.35%
07/17/2024;11,100.00;11,400.00;11,400.00;10,525.00;26.08M;-1.11%
07/16/2024;11,225.00;11,625.00;11,675.00;11,150.00;23.10M;-3.02%
07/15/2024;11,575.00;11,750.00;11,950.00;11,450.00;25.28M;-1.07%
07/12/2024;11,700.00;11,700.00;11,875.00;11,500.00;23.79M;0.43%
07/11/2024;11,650.00;11,400.00;11,775.00;11,350.00;30.71M;2.64%
07/10/2024;11,350.00;11,100.00;11,375.00;11,100.00;23.12M;2.95%
07/09/2024;11,025.00;11,150.00;11,400.00;10,975.00;26.25M;-0.68%
07/08/2024;11,100.00;11,550.00;11,550.00;10,900.00;23.59M;-3.90%
07/05/2024;11,550.00;11,575.00;11,650.00;11,475.00;23.22M;0.00%
07/04/2024;11,550.00;11,525.00;11,625.00;11,500.00;18.38M;0.22%
07/03/2024;11,525.00;11,550.00;11,650.00;11,475.00;20.32M;0.22%
07/02/2024;11,500.00;11,550.00;11,750.00;11,375.00;23.36M;-0.22%
07/01/2024;11,525.00;11,075.00;11,550.00;11,075.00;26.26M;4.77%
06/28/2024;11,000.00;11,375.00;11,375.00;10,950.00;25.92M;-2.22%
06/27/2024;11,250.00;11,450.00;11,725.00;11,100.00;26.42M;-1.75%
06/26/2024;11,450.00;10,950.00;12,050.00;10,800.00;39.22M;5.29%
06/25/2024;10,875.00;10,850.00;11,125.00;10,750.00;21.47M;0.69%
06/24/2024;10,800.00;11,025.00;11,200.00;10,625.00;19.28M;-1.82%
06/21/2024;11,000.00;11,825.00;11,950.00;10,300.00;322.77M;-6.58%
06/20/2024;11,775.00;12,025.00;12,075.00;11,625.00;26.85M;-1.88%
06/19/2024;12,000.00;12,175.00;12,275.00;11,925.00;28.35M;-0.83%
06/14/2024;12,100.00;11,825.00;12,200.00;11,800.00;30.64M;2.33%
06/13/2024;11,825.00;12,075.00;12,325.00;11,800.00;24.15M;-1.46%
06/12/2024;12,000.00;11,950.00;12,100.00;11,800.00;24.15M;1.05%
06/11/2024;11,875.00;11,950.00;12,150.00;11,700.00;25.08M;-0.63%
06/10/2024;11,950.00;11,775.00;12,000.00;11,275.00;25.95M;2.80%
06/07/2024;11,625.00;12,175.00;12,200.00;11,600.00;23.45M;-4.32%
06/06/2024;12,150.00;12,000.00;12,475.00;11,700.00;24.27M;1.67%
06/05/2024;11,950.00;12,925.00;13,300.00;11,800.00;29.63M;-6.46%
06/04/2024;12,775.00;11,750.00;12,900.00;11,725.00;40.59M;8.96%
06/03/2024;11,725.00;12,500.00;12,500.00;11,600.00;26.57M;-2.90%
05/31/2024;12,075.00;12,600.00;12,700.00;11,225.00;129.94M;-3.01%
05/30/2024;12,450.00;13,200.00;13,200.00;12,150.00;56.95M;-5.68%
05/29/2024;13,200.00;14,000.00;14,000.00;13,125.00;52.47M;2.33%
05/28/2024;12,900.00;14,150.00;15,000.00;12,500.00;93.83M;1.98%
05/27/2024;12,650.00;10,950.00;12,650.00;10,950.00;73.57M;19.91%
05/22/2024;10,550.00;10,550.00;10,750.00;10,475.00;21.41M;0.48%
05/21/2024;10,500.00;10,525.00;10,775.00;10,450.00;25.73M;0.00%
05/20/2024;10,500.00;10,450.00;10,675.00;10,300.00;26.31M;2.44%
05/17/2024;10,250.00;10,350.00;10,550.00;10,225.00;24.80M;-0.97%
05/16/2024;10,350.00;10,225.00;10,500.00;10,175.00;27.58M;1.47%
05/15/2024;10,200.00;9,825.00;10,325.00;9,825.00;28.61M;3.82%
05/14/2024;9,825.00;9,850.00;9,900.00;9,725.00;23.51M;0.00%
05/13/2024;9,825.00;9,500.00;9,900.00;9,500.00;26.74M;3.42%
05/08/2024;9,500.00;9,775.00;9,825.00;9,475.00;31.55M;-2.81%
05/07/2024;9,775.00;9,925.00;10,000.00;9,750.00;25.66M;-1.26%
05/06/2024;9,900.00;9,775.00;9,975.00;9,750.00;26.26M;1.28%
05/03/2024;9,775.00;9,775.00;9,825.00;9,600.00;22.24M;0.00%
05/02/2024;9,775.00;9,725.00;9,875.00;9,600.00;24.98M;0.77%
04/30/2024;9,700.00;9,450.00;9,950.00;9,425.00;34.36M;2.65%
04/29/2024;9,450.00;9,500.00;9,550.00;9,225.00;25.28M;-0.26%
04/26/2024;9,475.00;9,475.00;9,725.00;9,350.00;39.34M;-0.26%
04/25/2024;9,500.00;9,100.00;9,500.00;9,050.00;58.91M;4.97%
04/24/2024;9,050.00;8,925.00;9,150.00;8,900.00;37.16M;1.40%
04/23/2024;8,925.00;8,750.00;8,950.00;8,725.00;32.24M;2.00%
04/22/2024;8,750.00;8,850.00;8,925.00;8,750.00;24.99M;-1.41%
04/19/2024;8,875.00;8,925.00;8,975.00;8,825.00;28.26M;-0.84%
04/18/2024;8,950.00;8,800.00;8,950.00;8,725.00;39.68M;1.70%
04/17/2024;8,800.00;8,725.00;8,850.00;8,600.00;35.54M;0.57%
04/16/2024;8,750.00;8,825.00;8,950.00;8,650.00;29.76M;-2.23%
04/05/2024;8,950.00;8,800.00;8,975.00;8,775.00;24.99M;1.13%
04/04/2024;8,850.00;8,550.00;8,900.00;8,550.00;41.58M;1.72%
04/03/2024;8,700.00;8,750.00;8,775.00;8,550.00;28.14M;-0.85%
04/02/2024;8,775.00;8,850.00;8,850.00;8,700.00;24.99M;-0.85%
04/01/2024;8,850.00;8,750.00;8,850.00;8,700.00;29.84M;1.14%
03/28/2024;8,750.00;8,625.00;8,750.00;8,325.00;27.35M;1.74%
03/27/2024;8,600.00;8,675.00;8,800.00;8,600.00;26.63M;-0.86%
03/26/2024;8,675.00;8,850.00;8,850.00;8,625.00;27.16M;-1.98%
03/25/2024;8,850.00;8,750.00;8,900.00;8,700.00;29.27M;0.85%
03/22/2024;8,775.00;8,825.00;8,825.00;8,625.00;27.12M;-0.85%
03/21/2024;8,850.00;8,875.00;8,950.00;8,525.00;34.02M;-0.56%
03/20/2024;8,900.00;8,900.00;9,000.00;8,775.00;31.12M;0.00%
03/19/2024;8,900.00;8,850.00;9,000.00;8,800.00;34.01M;0.56%
03/18/2024;8,850.00;8,675.00;8,850.00;8,550.00;35.43M;1.43%
03/15/2024;8,725.00;8,700.00;8,800.00;8,625.00;57.38M;0.00%
03/14/2024;8,725.00;8,650.00;8,725.00;8,575.00;34.29M;0.87%
03/13/2024;8,650.00;8,375.00;8,650.00;8,325.00;41.85M;3.28%
03/08/2024;8,375.00;8,500.00;8,525.00;8,275.00;22.71M;-1.47%
03/07/2024;8,500.00;8,450.00;8,500.00;8,225.00;33.35M;1.19%
03/06/2024;8,400.00;8,500.00;8,600.00;8,400.00;25.29M;-1.47%
03/05/2024;8,525.00;8,500.00;8,575.00;8,350.00;31.95M;0.29%
03/04/2024;8,500.00;8,500.00;8,625.00;8,425.00;19.45M;0.00%
03/01/2024;8,500.00;8,475.00;8,750.00;8,350.00;34.38M;0.00%
02/29/2024;8,500.00;7,975.00;8,500.00;7,950.00;106.59M;6.25%
02/28/2024;8,000.00;8,100.00;8,100.00;7,900.00;24.83M;-1.23%
02/27/2024;8,100.00;8,050.00;8,100.00;7,925.00;32.32M;0.62%
02/26/2024;8,050.00;8,000.00;8,100.00;7,950.00;29.30M;0.63%
02/23/2024;8,000.00;7,900.00;8,050.00;7,800.00;27.65M;1.27%
02/22/2024;7,900.00;7,800.00;8,050.00;7,800.00;28.81M;1.28%
02/21/2024;7,800.00;8,025.00;8,125.00;7,750.00;42.66M;-2.80%
02/20/2024;8,025.00;7,825.00;8,050.00;7,825.00;43.16M;2.56%
02/19/2024;7,825.00;7,900.00;7,900.00;7,725.00;35.69M;-0.95%
02/16/2024;7,900.00;7,950.00;8,000.00;7,850.00;27.11M;-0.63%
02/15/2024;7,950.00;7,600.00;7,950.00;7,550.00;51.04M;4.61%
02/13/2024;7,600.00;7,725.00;7,750.00;7,600.00;24.71M;-1.94%
02/12/2024;7,750.00;7,525.00;7,750.00;7,475.00;43.13M;2.99%
02/07/2024;7,525.00;7,575.00;7,600.00;7,500.00;23.42M;-0.66%
02/06/2024;7,575.00;7,525.00;7,600.00;7,475.00;27.90M;0.66%
02/05/2024;7,525.00;7,600.00;7,625.00;7,500.00;24.12M;-0.99%
02/02/2024;7,600.00;7,600.00;7,600.00;7,375.00;29.65M;0.00%
02/01/2024;7,600.00;7,300.00;7,650.00;7,300.00;38.45M;1.00%
01/31/2024;7,525.00;7,550.00;7,600.00;7,450.00;26.60M;-0.33%
01/30/2024;7,550.00;7,300.00;7,600.00;7,300.00;33.46M;3.42%
01/29/2024;7,300.00;7,300.00;7,350.00;7,175.00;27.88M;0.00%
01/26/2024;7,300.00;7,300.00;7,525.00;7,250.00;27.09M;-2.99%
01/25/2024;7,525.00;7,500.00;7,625.00;7,450.00;27.88M;0.33%
01/24/2024;7,500.00;7,675.00;7,675.00;7,350.00;40.53M;-2.28%
01/23/2024;7,675.00;7,475.00;7,675.00;7,450.00;41.14M;2.68%
01/22/2024;7,475.00;7,475.00;7,475.00;7,200.00;35.07M;0.00%
01/19/2024;7,475.00;7,475.00;7,575.00;7,375.00;26.22M;0.00%
01/18/2024;7,475.00;7,200.00;7,500.00;7,175.00;36.07M;3.82%
01/17/2024;7,200.00;7,425.00;7,425.00;7,175.00;35.69M;-3.03%
01/16/2024;7,425.00;7,550.00;7,550.00;7,325.00;28.21M;-1.33%
01/15/2024;7,525.00;7,300.00;7,525.00;7,275.00;45.93M;2.73%
01/12/2024;7,325.00;7,300.00;7,350.00;7,050.00;37.50M;0.34%
01/11/2024;7,300.00;6,925.00;7,425.00;6,900.00;83.79M;5.80%
01/10/2024;6,900.00;6,625.00;6,975.00;6,600.00;52.45M;3.76%
01/09/2024;6,650.00;6,550.00;6,725.00;6,525.00;34.90M;1.53%
01/08/2024;6,550.00;6,475.00;6,600.00;6,450.00;31.41M;1.16%
01/05/2024;6,475.00;6,425.00;6,550.00;6,250.00;40.37M;0.78%
01/04/2024;6,425.00;6,450.00;6,475.00;6,325.00;31.48M;-0.39%
01/03/2024;6,450.00;6,600.00;6,700.00;6,450.00;21.74M;-2.27%
01/02/2024;6,600.00;6,550.00;6,600.00;6,375.00;25.42M;0.76%
12/29/2023;6,550.00;6,350.00;6,550.00;6,325.00;25.38M;3.15%
12/28/2023;6,350.00;6,450.00;6,475.00;6,150.00;33.64M;-1.55%
12/27/2023;6,450.00;6,600.00;6,825.00;6,375.00;31.89M;-2.64%
12/22/2023;6,625.00;6,300.00;6,650.00;6,200.00;34.74M;5.16%
12/21/2023;6,300.00;6,500.00;6,525.00;6,275.00;27.34M;-3.08%
12/20/2023;6,500.00;6,500.00;6,550.00;6,325.00;30.42M;0.39%
12/19/2023;6,475.00;6,375.00;6,575.00;6,350.00;36.25M;1.17%
12/18/2023;6,400.00;6,350.00;6,525.00;5,900.00;61.08M;1.19%
12/15/2023;6,325.00;6,700.00;6,800.00;6,325.00;338.35M;-5.60%
12/14/2023;6,700.00;7,125.00;7,200.00;6,600.00;81.10M;-5.96%
12/13/2023;7,125.00;7,025.00;7,200.00;6,925.00;57.36M;1.79%
12/12/2023;7,000.00;6,850.00;7,050.00;6,725.00;66.87M;2.56%
12/11/2023;6,825.00;6,450.00;6,825.00;6,350.00;81.03M;5.81%
12/08/2023;6,450.00;6,500.00;6,500.00;6,300.00;61.15M;-0.39%
12/07/2023;6,475.00;6,425.00;6,575.00;6,225.00;58.96M;0.78%
12/06/2023;6,425.00;6,675.00;6,675.00;6,350.00;43.29M;-2.65%
12/05/2023;6,600.00;6,325.00;6,675.00;6,300.00;59.55M;3.53%
12/04/2023;6,375.00;5,900.00;6,450.00;5,900.00;85.15M;8.05%
12/01/2023;5,900.00;7,200.00;7,200.00;5,850.00;286.22M;-18.06%
11/30/2023;7,200.00;7,775.00;8,350.00;7,200.00;619.64M;-7.40%
11/29/2023;7,775.00;7,775.00;7,875.00;7,650.00;80.98M;0.65%
11/28/2023;7,725.00;7,550.00;7,800.00;7,500.00;102.45M;2.32%
11/27/2023;7,550.00;7,150.00;7,575.00;7,075.00;80.96M;5.59%
11/24/2023;7,150.00;6,925.00;7,175.00;6,925.00;66.38M;3.62%
11/23/2023;6,900.00;7,025.00;7,200.00;6,750.00;79.04M;-2.13%
11/22/2023;7,050.00;7,300.00;7,400.00;7,025.00;77.44M;-3.42%
11/21/2023;7,300.00;7,350.00;7,400.00;7,075.00;60.44M;0.00%
11/20/2023;7,300.00;7,575.00;7,725.00;7,050.00;137.36M;-3.63%
11/17/2023;7,575.00;7,225.00;7,650.00;7,200.00;130.53M;4.84%
11/16/2023;7,225.00;7,225.00;7,300.00;7,150.00;47.48M;0.00%
11/15/2023;7,225.00;7,250.00;7,325.00;7,150.00;79.00M;1.05%
11/14/2023;7,150.00;7,100.00;7,275.00;6,950.00;63.77M;0.70%
11/13/2023;7,100.00;6,850.00;7,125.00;6,800.00;63.14M;4.03%
11/10/2023;6,825.00;6,650.00;6,875.00;6,600.00;46.09M;2.63%
11/09/2023;6,650.00;6,775.00;6,775.00;6,550.00;39.33M;-1.85%
11/08/2023;6,775.00;6,850.00;6,900.00;6,725.00;45.12M;-1.09%
11/07/2023;6,850.00;6,800.00;6,950.00;6,800.00;39.38M;0.37%
11/06/2023;6,825.00;6,675.00;6,850.00;6,675.00;33.41M;1.87%
11/03/2023;6,700.00;7,000.00;7,000.00;6,600.00;40.36M;-2.90%
11/02/2023;6,900.00;6,650.00;6,925.00;6,600.00;68.25M;3.76%
11/01/2023;6,650.00;6,500.00;6,650.00;6,250.00;56.76M;2.31%
10/31/2023;6,500.00;6,750.00;6,750.00;6,450.00;68.38M;-3.70%
10/30/2023;6,750.00;6,675.00;6,800.00;6,650.00;34.99M;1.12%
10/27/2023;6,675.00;6,550.00;6,700.00;6,525.00;49.73M;1.91%
10/26/2023;6,550.00;6,500.00;6,675.00;6,500.00;38.39M;0.77%
10/25/2023;6,500.00;6,450.00;6,550.00;6,425.00;36.48M;1.17%
10/24/2023;6,425.00;6,575.00;6,600.00;6,400.00;42.09M;-2.28%
10/23/2023;6,575.00;6,575.00;6,625.00;6,450.00;44.64M;0.00%
10/20/2023;6,575.00;6,450.00;6,600.00;6,425.00;49.02M;1.94%
10/19/2023;6,450.00;6,375.00;6,475.00;6,325.00;52.07M;1.18%
10/18/2023;6,375.00;6,250.00;6,475.00;6,250.00;50.65M;2.00%
10/17/2023;6,250.00;6,125.00;6,275.00;5,875.00;61.11M;1.63%
10/16/2023;6,150.00;6,600.00;6,625.00;6,125.00;70.22M;-6.82%
10/13/2023;6,600.00;6,650.00;6,725.00;6,450.00;36.90M;-1.12%
10/12/2023;6,675.00;6,800.00;6,800.00;6,575.00;54.29M;-0.37%
10/11/2023;6,700.00;6,525.00;6,775.00;6,475.00;70.53M;3.08%
10/10/2023;6,500.00;6,425.00;6,525.00;6,375.00;45.85M;1.17%
10/09/2023;6,425.00;6,300.00;6,475.00;6,100.00;78.63M;2.39%
10/06/2023;6,275.00;6,300.00;6,325.00;6,125.00;52.59M;-0.40%
10/05/2023;6,300.00;6,150.00;6,325.00;6,050.00;54.85M;2.44%
10/04/2023;6,150.00;6,325.00;6,400.00;5,925.00;92.67M;-2.38%
10/03/2023;6,300.00;6,125.00;6,375.00;6,075.00;59.09M;3.28%
10/02/2023;6,100.00;5,800.00;6,100.00;5,600.00;76.95M;2.95%
09/29/2023;5,925.00;5,675.00;5,975.00;5,650.00;79.76M;4.87%
09/27/2023;5,650.00;5,650.00;5,750.00;5,575.00;43.14M;-0.44%
09/26/2023;5,675.00;5,700.00;5,800.00;5,525.00;65.33M;0.00%
09/25/2023;5,675.00;5,450.00;5,700.00;5,450.00;52.94M;4.13%
09/22/2023;5,450.00;5,325.00;5,475.00;5,225.00;43.11M;3.32%
09/21/2023;5,275.00;5,275.00;5,325.00;5,150.00;40.81M;0.00%
09/20/2023;5,275.00;5,375.00;5,425.00;5,225.00;34.05M;-1.40%
09/19/2023;5,350.00;5,150.00;5,450.00;5,050.00;75.21M;3.88%
09/18/2023;5,150.00;5,600.00;5,625.00;5,025.00;121.59M;-8.04%
09/15/2023;5,600.00;5,775.00;5,825.00;5,375.00;83.81M;-3.03%
09/14/2023;5,775.00;5,825.00;5,875.00;5,725.00;60.67M;-0.86%
09/13/2023;5,825.00;5,850.00;5,950.00;5,550.00;122.39M;0.43%
09/12/2023;5,800.00;5,525.00;5,825.00;5,500.00;68.80M;5.45%
09/11/2023;5,500.00;5,800.00;5,800.00;4,800.00;154.72M;-1.79%
09/08/2023;5,600.00;5,425.00;5,650.00;5,425.00;68.32M;3.70%
09/07/2023;5,400.00;5,250.00;5,425.00;5,225.00;60.84M;3.85%
09/06/2023;5,200.00;5,000.00;5,250.00;4,980.00;74.62M;4.21%
09/05/2023;4,990.00;5,025.00;5,050.00;4,930.00;59.24M;0.40%
09/04/2023;4,970.00;4,780.00;4,980.00;4,760.00;72.65M;4.63%
09/01/2023;4,750.00;4,530.00;4,870.00;4,440.00;84.97M;4.86%
08/31/2023;4,530.00;4,500.00;4,550.00;4,460.00;51.70M;0.67%
08/30/2023;4,500.00;4,480.00;4,540.00;4,390.00;100.32M;0.67%
08/29/2023;4,470.00;4,290.00;4,470.00;4,250.00;95.74M;4.44%
08/28/2023;4,280.00;4,140.00;4,290.00;4,090.00;65.83M;3.38%
08/25/2023;4,140.00;3,950.00;4,140.00;3,930.00;64.62M;4.81%
08/24/2023;3,950.00;3,840.00;4,020.00;3,540.00;102.06M;3.13%
08/23/2023;3,830.00;3,620.00;3,840.00;3,610.00;71.23M;6.09%
08/22/2023;3,610.00;3,440.00;3,610.00;3,430.00;77.88M;4.94%
08/21/2023;3,440.00;3,360.00;3,440.00;3,340.00;42.82M;2.69%
08/18/2023;3,350.00;3,330.00;3,380.00;3,300.00;39.65M;1.52%
08/16/2023;3,300.00;3,200.00;3,300.00;3,170.00;52.45M;3.45%
08/15/2023;3,190.00;3,080.00;3,200.00;3,070.00;48.30M;3.57%
08/14/2023;3,080.00;3,010.00;3,080.00;3,000.00;37.54M;2.67%
08/11/2023;3,000.00;3,000.00;3,020.00;2,990.00;27.25M;0.00%
08/10/2023;3,000.00;3,010.00;3,040.00;2,800.00;54.34M;0.00%
08/09/2023;3,000.00;2,960.00;3,020.00;2,960.00;55.02M;1.35%
08/08/2023;2,960.00;2,930.00;2,970.00;2,920.00;54.72M;1.02%
08/07/2023;2,930.00;2,880.00;2,950.00;2,850.00;45.44M;2.09%
08/04/2023;2,870.00;2,830.00;2,940.00;2,830.00;53.10M;1.41%
08/03/2023;2,830.00;2,830.00;2,880.00;2,790.00;51.24M;0.00%
08/02/2023;2,830.00;2,790.00;2,950.00;2,550.00;142.83M;1.07%
08/01/2023;2,800.00;2,830.00;3,230.00;2,390.00;179.83M;-0.36%
07/31/2023;2,810.00;2,680.00;2,850.00;2,680.00;72.44M;5.64%
07/28/2023;2,660.00;2,470.00;2,810.00;2,460.00;94.26M;7.69%
07/27/2023;2,470.00;2,290.00;2,480.00;2,250.00;65.30M;8.33%
07/26/2023;2,280.00;2,310.00;2,410.00;2,220.00;57.63M;-0.87%
07/25/2023;2,300.00;2,020.00;2,310.00;1,960.00;78.28M;14.43%
07/24/2023;2,010.00;1,880.00;2,030.00;1,860.00;58.41M;7.20%
07/21/2023;1,875.00;1,845.00;1,885.00;1,840.00;33.11M;1.63%
07/20/2023;1,845.00;1,880.00;1,915.00;1,825.00;38.86M;-1.60%
07/18/2023;1,875.00;1,800.00;1,935.00;1,800.00;64.32M;4.17%
07/17/2023;1,800.00;1,790.00;1,805.00;1,780.00;42.04M;1.12%
07/14/2023;1,780.00;1,760.00;1,795.00;1,755.00;36.13M;1.14%
07/13/2023;1,760.00;1,765.00;1,765.00;1,750.00;41.75M;-0.28%
07/12/2023;1,765.00;1,750.00;1,765.00;1,750.00;27.86M;0.86%
07/11/2023;1,750.00;1,750.00;1,760.00;1,750.00;34.03M;0.00%
07/10/2023;1,750.00;1,755.00;1,765.00;1,745.00;59.01M;-0.28%
